10727
10782
10860
10955
11047
11113
11115
11124
11172
11189
11238
11269
11300
11308
11324
11366
11383
11384
11393
11395
11404
11418
11434
11436
11463
11464
11466
11469
11474
11491
11494
11498
11501
11502
11506
11507
11517
11521
11522
11527
11535
11541
11555
11557
11568
11569
11576
11585
11586
11593
11601
11606
11618
11641
11643
11646
11647
11661
11677
11685
11691
11699
11712
11725
11726
11738
11740
11741
11751
11755
11759
11784
11785
11801
11804
11819
11820
11822
11826
11827
11848
11854
11856
11859
11860
11875
11880
11882
11889
11893
11899
11900
11901
11903
11911
11921
11928
11930
11942
11943
11959
11964
11969
11970
11979
11986
11989
11993
12011
12012
12013
12023
12025
12036
12049
12057
12062
12066
12071
12074
12077
12083
12108
12137
12144
12152
12154
12157
12163
12173
12177
12179
12186
12211
12212
12220
12239
12257
12261
12276
12280
12284
12295
12299
12302
12304
12310
12312
12320
12321
12323
12328
12338
12343
12344
12359
12360
12371
12393
12397
12406
12411
12414
12415
12416
12424
12427
12439
12444
12448
12461
12467
12475
12480
12484
12488
12490
12494
12498
12502
12506
12510
12514
12527
12540
12542
12550
12552
12566
12567
12570
12582
12612
12614
12618
12619
12627
12635
12637
12641
12643
12652
12654
12656
12669
12673
12682
12683
12685
12686
12693
12694
12695
12704
12705
12711
12716
12717
12721
12723
12728
12764
12772
12782
12783
12786
12793
12794
12798
12799
12809
12814
12816
12839
12844
12847
12849
12850
12861
12871
12876
12883
12885
12895
12909
12910
12919
12921
12928
12933
12939
12964
12971
12978
12979
12980
12989
12994
12998
13002
13005
13022
13023
13028
13040
13053
13055
13070
13071
13073
13075
13079
13087
13102
13106
13113
13118
13132
13139
13153
13156
13158
13160
13189
13191
13202
13203
13217
13218
13226
13228
13242
13264
13268
13270
13282
13284
13305
13306
13307
13311
13313
13314
13316
13322
13336
13349
13352
13353
13355
13358
13359
13376
13377
13383
13388
13403
13415
13420
13429
13433
13442
13444
13455
13478
13481
13491
13493
13497
13504
13541
13555
13559
13573
13579
13580
13581
13588
13599
13603
13606
13614
13620
13624
13625
13629
13630
13635
13636
13638
13641
13652
13662
13665
13675
13677
13680
13687
13690
13707
13708
13716
13722
13739
13742
13745
13753
13757
13770
13771
13777
13779
13781
13784
13793
13794
13796
13808
13814
13816
13839
13850
13869
13883
13892
13893
13905
13907
13914
13915
13918
13921
13922
13925
13939
13940
13952
13953
13957
13958
13959
13961
13966
13970
13971
13973
13974
13989
13991
13999
14003
14019
14026
14050
14054
14069
14079
14088
14103
14114
14129
14132
14144
14152
14164
14167
14183
14185
14189
14195
14200
14221
14222
14228
14230
14233
14236
14240
14248
14251
14253
14263
14269
14275
14278
14284
14293
14294
14298
14315
14325
14328
14333
14341
14345
14348
14353
14355
14381
14392
14393
14411
14418
14432
14437
14441
14442
14461
14468
14469
14485
14489
14495
14505
14512
14513
14518
14538
14541
14542
14544
14552
14553
14555
14561
14565
14574
14576
14578
14581
14585
14590
14597
14601
14605
14607
14611
14616
14618
14627
14630
14631
14635
14641
14647
14663
14691
14693
14695
14698
14706
14709
14711
14731
14734
14738
14739
14740
14743
14747
14753
14756
14757
14765
14784
14786
14802
14804
14807
14808
14822
14824
14827
14840
14852
14857
14858
14893
14907
14915
14916
14917
14937
14941
14945
14958
14961
14963
14974
14985
14995
14996
15008
15010
15013
15018
15019
15021
15024
15031
15038
15040
15045
15056
15057
15060
15061
15074
15082
15094
15115
15122
15129
15163
15174
15177
15182
15185
15190
15194
15203
15204
15207
15208
15221
15222
15224
15234
15235
15236
15238
15262
15264
15271
15272
15277
15278
15287
15289
15293
15298
15299
15301
15302
15308
15310
15318
15343
15353
15355
15369
15380
15390
15397
15398
15399
15401
15409
15412
15415
15420
15426
15430
15435
15440
15446
15450
15452
15459
15461
15464
15469
15470
15484
15497
15508
15509
15510
15512
15513
15515
15516
15518
15519
15520
15521
15522
15523
15524
15525
15526
15527
15528
15529
15530
15531
15532
15533
15534
15535
15536
15538
15539
15540
15541
15542
15543
15544
15545
15546
15547
15548
15549
15550
15551
15552
15553
15554
15555
15556
15557
15558
15559
15560
15561
15562
15563
15564
15565
15566
15567
15568
15569
15570
15571
15572
15573
15574
15575
15576
15577
15578
15579
15580
15581
15582
15583
15584
15585
15586
15587
15588
15589
15590
15591
15592
15593
15594
15595
15596
15597
15598
15599
15600
15601
15602
15603
15604
15605
15606
15607
15608
15609
15610
15611
15612
15613
15614
15615
15616
15617
15618
15619
15620
15621
15622
15623
15624
15625
15626
15627
15628
15629
15630
15631
15632
15633
15634
15635
15636
15637
15638
15639
15640
15641
15642
15643
15644
15645
15646
15647
15648
15650
15651
15652
15653
15654
15655
15656
15657
15658
15659
15660
15661
15662
15663
15664
15665
15666
15667
15668
15669
15670
15671
15672
15673
15674
15675
15676
15677
15678
15679
15680
15681
15682
15683
15684
15685
15686
15687
15688
15689
15690
15691
15692
15693
15694
15695
15696
15697
15698
15699
15700
15701
15702
15703
15704
15705
15706
15707
15708
15709
15710
15711
15712
15713
15714
15715
15716
15717
15718
15719
15720
15721
15722
15723
15724
15725
15726
15727
15728
15729
15730
15731
15732
15733
15734
15735
15736
15737
15738
15739
15740
15741
15742
15743
15744
15745
15746
15747
15748
15749
15750
15751
15752
15753
15754
15755
15756
15757
15758
15759
15760
15761
15762
15763
15764
15765
15766
15767
15768
15769
15770
15771
15772
15773
15774
15775
15776
15777
15778
15779
15780
15781
15782
15783
15784
15785
15786
15787
15788
15789
15790
15791
15792
15793
15794
15795
15796
15797
15798
15799
15800
15801
15802
15803
15804
15805
15806
15807
15808
15809
15810
15811
15812
15813
15814
15815
15816
15817
15818
15819
15820
15821
15822
15823
15824
15825
15826
15827
15828
15829
15830
15831
15832
15833
15834
15835
15836
15837
15838
15839
15840
15841
15842
15843
15844
15845
15846
15847
15848
15849
15850
15851
15852
15853
15854
15855
15856
15857
15858
15859
15860
15861
15862
15863
15864
15865
15866
15867
15868
15869
15870
15871
15872
15873
15874
15875
15876
15877
15878
15879
15880
15881
15882
15883
15884
15885
15886
15887
15888
15889
15890
15891
15892
15893
15894
15895
15896
15897
15898
15899
15900
15901
15902
15903
15904
15905
15906
15929
15930
15932
15933
15934
15935
15936
15937
15938
15939
15940
15941
15942
15944
15945
15947
15948
15949
15950
15951
15953
15954
15955
15956
15957
15959
15960
15961
15962
15964
15965
15966
15967
15968
15969
15971
15972
15974
15976
15977
15978
15979
15980
15981
15983
15984
15985
15987
15988
15989
15990
15991
15992
15993
15994
15995
15996
15997
15999
16000
16001
16003
16004
16006
16007
16008
16009
16010
16014
16015
16016
16017
16019
16021
16022
16023
16024
16025
16026
16028
16029
16030
16031
16032
16033
16034
16036
16038
16039
16040
16041
16042
16043
16045
16046
16047
16048
16049
16050
16052
16053
16054
16055
16056
16058
16059
16060
16061
16062
16063
16065
16066
16067
16068
16069
16071
16072
16074
16075
16076
16077
16078
16079
16080
16081
16083
16085
16086
16087
16089
16090
16091
16092
16094
16095
16096
16098
16099
16100
16101
16102
16103
16104
16105
16106
16107
16108
16109
16110
16111
16112
16114
16115
16118
16119
16122
16123
16124
16126
16127
16128
16129
16130
16131
16132
16133
16134
16135
16136
16140
16141
16142
16143
16144
16145
16146
16148
16149
16150
16151
16153
16155
16156
16157
16158
16159
16160
16161
16162
16163
16164
16165
16166
16167
16169
16170
16171
16172
16173
16174
16175
16176
16177
16178
16179
16180
16183
16184
16185
16186
16187
16188
16189
16190
16191
16193
16194
16196
16197
16199
16200
16201
16203
16204
16205
16206
16207
16209
16210
16212
16214
16215
16218
16219
16220
16221
16222
16223
16224
16226
16227
16228
16229
16230
16231
16232
16233
16234
16235
16236
16237
16238
16240
16241
16242
16243
16244
16245
16247
16250
16251
16252
16253
16254
16255
16256
16258
16259
16260
16262
16263
16264
16265
16266
16267
16268
16269
16274
16275
16276
16279
16280
16281
16282
16284
16285
16286
16287
16290
16293
16294
16295
16296
16299
16301
16302
16303
16305
16306
16307
16308
16309
16310
16312
16313
16314
16315
16316
16317
16318
16319
16320
16321
16322
16324
16325
16326
16327
16328
16329
16331
16332
16333
16335
16336
16337
16338
16339
16340
16341
16342
16343
16344
16345
16346
16347
16348
16349
16351
16352
16353
16354
16355
16356
16357
16359
16360
16361
16362
16363
16364
16365
16366
16367
16368
16369
16370
16371
16372
16373
16374
16375
16376
16377
16378
16379
16380
16381
16382
16383
16386
16387
16388
16389
16390
16391
16392
16393
16395
16396
16398
16399
16400
16401
16404
16405
16406
16407
16410
16411
16412
16413
16414
16415
16416
16418
16419
16420
16422
16423
16426
16427
16428
16429
16430
16431
16433
16434
16435
16438
16439
16440
16443
16444
16445
16446
16447
16448
16450
16451
16452
16453
16456
16457
16458
16459
16460
16462
16463
16464
16467
16471
16472
16473
16474
16476
16477
16478
16480
16481
16482
16483
16486
16487
16488
16490
16491
16492
16493
16494
16495
16496
16497
16498
16499
16500
16501
16502
16503
16504
16505
16506
16507
16508
16509
16511
16512
16513
16514
16515
16516
16517
16518
16519
16520
16521
16522
16523
16524
16525
16527
16528
16529
16530
16531
16533
16535
16536
16537
16538
16540
16545
16546
16547
16548
16549
16551
16552
16553
16555
16557
16558
16559
16560
16561
16562
16563
16565
16566
16568
16569
16571
16572
16573
16574
16575
16576
16577
16578
16579
16581
16582
16583
16585
16586
16587
16588
16590
16591
16592
16593
16594
16595
16596
16597
16598
16599
16600
16602
16604
16605
16606
16608
16611
16612
16613
16615
16616
16617
16618
16621
16623
16624
16626
16630
16631
16632
16633
16634
16638
16639
16640
16642
16643
16644
16645
16646
16649
16650
16652
16654
16655
16656
16657
16658
16659
16660
16661
16662
16665
16667
16668
16669
16670
16671
16673
16674
16675
16676
16677
16678
16679
16680
16682
16683
16684
16687
16688
16689
16690
16692
16693
16695
16696
16697
16699
16700
16704
16705
16706
16708
16709
16710
16711
16712
16713
16714
16715
16717
16719
16720
16721
16722
16723
16724
16725
16726
16727
16728
16730
16731
16732
16733
16735
16736
16737
16738
16739
16740
16741
16742
16743
16744
16746
16747
16748
16750
16752
16753
16755
16756
16757
16758
16759
16760
16761
16762
16763
16765
16766
16769
16770
16771
16772
16773
16774
16776
16778
16779
16780
16781
16782
16784
16785
16786
16787
16788
16789
16790
16791
16793
16794
16795
16796
16797
16798
16799
16801
16802
16803
16804
16806
16807
16808
16810
16811
16812
16814
16815
16816
16817
16818
16819
16820
16821
16822
16823
16824
16825
16826
16827
16828
16830
16831
16832
16833
16834
16835
16836
16837
16838
16839
16840
16841
16842
16843
16844
16845
16846
16848
16849
16850
16851
16852
16853
16854
16857
16859
16861
16863
16865
16866
16867
16868
16869
16870
16871
16872
16873
16874
16876
16877
16878
16880
16881
16882
16883
16884
16885
16886
16887
16888
16890
16891
16892
16893
16894
16895
16896
16897
16898
16901
16902
16903
16904
16905
16906
16907
16908
16909
16911
16914
16916
16917
16918
16919
16920
16921
16922
16923
16924
16925
16926
16927
16929
16930
16931
16932
16933
16934
16935
16936
16937
16938
16940
16941
16942
16943
16944
16945
16946
16947
16948
16949
16950
16951
16952
16955
16957
16958
16960
16961
16962
16963
16964
16965
16966
16970
16971
16972
16973
16974
16976
16977
16978
16979
16980
16981
16984
16985
16986
16987
16988
16989
16991
16992
16993
16994
16995
16996
16997
16998
16999
17000
17001
17002
17003
17004
17005
17006
17008
17009
17010
17011
17012
17014
17015
17019
17020
17021
17022
17023
17024
17026
17027
17029
17030
17032
17033
17034
17035
17037
17038
17040
17042
17043
17045
17047
17048
17049
17050
17052
17053
17054
17055
17056
17057
17058
17059
17061
17063
17064
17065
17068
17069
17070
17071
17072
17073
17075
17076
17079
17080
17084
17086
17087
17088
17089
17090
17091
17093
17094
17095
17098
17099
17100
17101
17103
17106
17107
17110
17111
17112
17113
17114
17115
17117
17118
17119
17120
17121
17123
17124
17125
17127
17129
17130
17131
17132
17133
17134
17136
17137
17138
17140
17141
17142
17143
17145
17146
17147
17148
17149
17151
17152
17153
17154
17155
17156
17157
17158
17160
17161
17162
17163
17164
17165
17166
17167
17169
17170
17171
17173
17174
17175
17176
17177
17178
17179
17180
17182
17183
17184
17185
17187
17188
17189
17190
17191
17192
17193
17194
17196
17199
17200
17201
17203
17204
17205
17207
17208
17209
17210
17211
17212
17213
17214
17215
17216
17217
17218
17219
17220
17221
17222
17223
17224
17225
17226
17228
17230
17231
17232
17235
17236
17237
17238
17239
17240
17241
17242
17243
17245
17246
17247
17248
17250
17253
17254
17255
17256
17257
17258
17260
17261
17262
17263
17264
17265
17266
17267
17268
17269
17270
17272
17273
17274
17275
17276
17278
17279
17280
17282
17283
17285
17286
17287
17288
17289
17290
17291
17292
17293
17294
17298
17300
17301
17302
17303
17304
17305
17307
17308
17309
17310
17312
17313
17314
17315
17316
17317
17319
17322
17323
17324
17328
17331
17332
17333
17334
17335
17337
17339
17340
17342
17343
17346
17347
17349
17351
17352
17354
17355
17357
17360
17361
17362
17363
17364
17365
17366
17367
17368
17369
17370
17371
17373
17374
17375
17376
17378
17379
17382
17383
17385
17387
17388
17389
17390
17392
17393
17394
17395
17396
17397
17398
17399
17401
17402
17403
17404
17405
17406
17407
17408
17409
17410
17411
17412
17413
17415
17416
17417
17418
17419
17420
17421
17422
17423
17424
17425
17426
17427
17428
17430
17431
17432
17433
17434
17435
17437
17438
17439
17440
17441
17442
17443
17445
17446
17448
17449
17451
17452
17454
17457
17458
17459
17462
17465
17466
17467
17468
17469
17470
17472
17474
17475
17476
17478
17479
17480
17481
17482
17483
17484
17485
17486
17487
17489
17490
17492
17493
17494
17495
17496
17497
17498
17499
17500
17501
17502
17503
17504
17505
17507
17510
17514
17517
17519
17520
17523
17524
17525
17526
17530
17533
17538
17540
17542
17543
17544
17545
17551
17552
17553
17557
17558
17561
17562
17565
17567
17568
17572
17574
17575
17576
17578
17579
17581
17583
17585
17587
17588
17590
17592
17593
17596
17597
17598
17600
17602
17603
17605
17608
17613
17614
17615
17616
17617
17619
17620
17623
17626
17627
17628
17631
17635
17636
17650
17652
17653
17657
17659
17675
17680
17681
17682
17697
17698
17701
