17924
17927
17934
17938
17939
17953
17957
17961
17962
17963
17965
17981
18003
18011
18014
18027
18034
18036
18043
18045
18046
18051
18092
18094
18099
18100
18102
18116
18123
18150
18154
18161
18172
18176
18193
18205
18206
18225
18230
18240
18244
18249
18264
18282
18285
18298
18315
18317
18324
18336
18344
18355
18368
18374
18385
18396
18409
18433
18437
18440
18448
18457
18465
18471
18484
18490
18498
18500
18501
18506
18513
18533
18535
18547
18567
18582
18589
18592
18597
18598
18603
18605
18608
18635
18643
18679
18704
18707
18714
18716
18721
18723
18726
18729
18732
18734
18737
18741
18742
18743
18744
18746
18748
18755
18756
18757
18759
18766
18768
18769
18771
18774
18775
18776
18777
18781
18782
18784
18793
18794
18796
18797
18802
18804
18805
18806
18809
18811
18812
18815
18817
18819
18823
18825
18831
18835
18838
18840
18843
18846
18847
18864
18867
18869
18870
18871
18873
18879
18880
18882
18889
18892
18893
18895
18902
18906
18907
18908
18911
18916
18917
18920
18922
18926
18928
18929
18932
18934
18935
18936
18939
18946
18947
18948
18950
18951
18953
18954
18955
18962
18965
18967
18968
18969
18979
18986
18989
18990
18994
18995
19004
19005
19012
19021
19027
19029
19032
19033
19034
19037
19038
19039
19041
19046
19047
19049
19050
19051
19054
19062
19065
19068
19072
19077
19079
19082
19087
19093
19099
19106
19108
19109
19110
19115
19116
19119
19121
19131
19132
19141
19144
19145
19146
19148
19155
19168
19172
19174
19175
19176
19177
19180
19181
19190
19195
19198
19199
19205
19208
19210
19212
19215
19218
19223
19224
19228
19232
19233
19237
19240
19242
19245
19248
19252
19254
19255
19261
19262
19266
19267
19270
19277
19279
19280
19283
19285
19286
19288
19292
19294
19296
19297
19298
19300
19301
19302
19310
19312
19313
19317
19319
19320
19322
19324
19325
19326
19329
19330
19336
19337
19339
19341
19344
19346
19347
19348
19350
19352
19353
19356
19359
19361
19364
19365
19367
19368
19370
19371
19375
19376
19377
19378
19380
19382
19385
19386
19388
19390
19392
19393
19396
19397
19398
19399
19402
19404
19406
19413
19416
19421
19423
19425
19426
19428
19434
19437
19440
19441
19442
19446
19447
19453
19456
19457
19460
19462
19463
19466
19467
19468
19470
19471
19474
19477
19478
19479
19480
19482
19485
19486
19487
19490
19491
19492
19495
19497
19499
19500
19502
19503
19504
19505
19508
19511
19513
19518
19519
19522
19523
19526
19527
19528
19532
19534
19535
19538
19541
19542
19543
19544
19546
19547
19548
19550
19553
19554
19555
19556
19557
19559
19564
19565
19566
19568
19569
19571
19574
19575
19582
19583
19588
19589
19591
19594
19599
19603
19604
19605
19606
19607
19610
19611
19614
19617
19619
19621
19622
19624
19625
19626
19627
19630
19632
19633
19637
19642
19646
19647
19648
19649
19650
19651
19652
19654
19655
19657
19658
19659
19660
19662
19663
19664
19665
19667
19670
19671
19673
19676
19677
19679
19683
19685
19687
19688
19690
19691
19692
19696
19697
19698
19699
19700
19703
19704
19705
19706
19707
19708
19710
19712
19714
19716
19719
19720
19722
19723
19725
19726
19730
19731
19732
19735
19737
19738
19742
19745
19746
19747
19748
19751
19754
19758
19759
19764
19765
19768
19769
19770
19771
19773
19774
19775
19777
19779
19781
19784
19786
19787
19790
19791
19792
19793
19794
19795
19797
19799
19801
19803
19804
19805
19806
19810
19811
19813
19814
19815
19816
19817
19819
19821
19822
19824
19825
19826
19827
19828
19833
19834
19836
19837
19839
19844
19845
19846
19850
19852
19854
19856
19857
19858
19859
19862
19863
19864
19866
19869
19870
19876
19878
19879
19882
19887
19888
19890
19891
19894
19898
19903
19904
19906
19907
19910
19911
19913
19914
19916
19923
19925
19927
19929
19930
19932
19933
19937
19938
19940
19942
19944
19945
19946
19949
19951
19952
19953
19956
19957
19958
19962
19963
19964
19969
19971
19974
19976
19977
19978
19980
19981
19982
19986
19990
19992
19993
19994
19997
19998
19999
20000
20002
20003
20004
20005
20006
20007
20009
20012
20013
20014
20015
20017
20019
20020
20022
20023
20025
20026
20027
20028
20029
20030
20031
20032
20033
20034
20035
20036
20037
20040
20041
20043
20044
20046
20049
20050
20053
20054
20055
20056
20059
20060
20061
20062
20065
20066
20067
20068
20069
20070
20071
20072
20073
20074
20075
20077
20079
20081
20082
20083
20084
20089
20090
20091
20092
20093
20095
20096
20097
20098
20100
20104
20105
20107
20109
20112
20113
20114
20115
20116
20117
20119
20121
20122
20123
20124
20126
20127
20128
20129
20131
20133
20134
20135
20136
20137
20139
20141
20142
20145
20146
20147
20148
20150
20151
20152
20153
20155
20156
20157
20161
20162
20163
20166
20167
20170
20172
20176
20177
20178
20179
20180
20183
20185
20188
20189
20190
20191
20192
20193
20194
20195
20198
20199
20200
20202
20203
20204
20205
20208
20209
20211
20212
20213
20215
20216
20217
20220
20221
20222
20225
20226
20227
20228
20229
20230
20231
20233
20235
20240
20242
20243
20244
20248
20249
20250
20251
20252
20253
20254
20256
20257
20259
20261
20263
20265
20266
20268
20269
20271
20272
20273
20275
20276
20277
20278
20279
20283
20285
20286
20289
20290
20291
20292
20293
20294
20295
20296
20297
20298
20299
20300
20302
20303
20304
20305
20307
20309
20310
20312
20313
20315
20320
20321
20323
20324
20326
20327
20328
20329
20331
20332
20333
20337
20338
20339
20340
20342
20344
20345
20346
20347
20348
20352
20354
20356
20358
20360
20361
20362
20363
20365
20366
20370
20371
20373
20375
20377
20378
20379
20380
20383
20385
20387
20388
20390
20391
20392
20393
20394
20395
20396
20397
20399
20402
20403
20404
20406
20407
20408
20409
20411
20412
20413
20415
20421
20423
20424
20425
20426
20427
20428
20429
20430
20431
20432
20433
20435
20436
20437
20438
20439
20440
20443
20444
20445
20446
20448
20449
20450
20453
20454
20455
20456
20457
20458
20461
20463
20465
20466
20467
20469
20470
20471
20473
20474
20475
20476
20477
20480
20481
20485
20486
20487
20488
20489
20490
20491
20494
20496
20497
20499
20501
20502
20503
20504
20505
20507
20508
20509
20510
20511
20512
20513
20514
20515
20516
20517
20518
20519
20520
20521
20522
20523
20524
20525
20526
20527
20528
20529
20530
20531
20532
20533
20534
20535
20536
20537
20538
20539
20540
20541
20542
20543
20544
20545
20546
20547
20548
20549
20550
20551
20552
20553
20554
20555
20556
20557
20558
20559
20560
20561
20562
20563
20564
20565
20566
20567
20568
20569
20570
20571
20572
20573
20574
20575
20576
20577
20578
20579
20580
20581
20582
20583
20584
20585
20586
20587
20588
20589
20590
20591
20592
20593
20594
20595
20596
20597
20598
20599
20600
20601
20602
20603
20604
20605
20606
20607
20608
20609
20610
20611
20612
20613
20614
20615
20616
20617
20618
20619
20620
20621
20622
20623
20624
20625
20626
20627
20628
20629
20630
20631
20632
20633
20634
20635
20636
20637
20638
20639
20640
20641
20642
20643
20644
20645
20646
20647
20648
20649
20650
20651
20652
20653
20654
20655
20656
20657
20658
20659
20660
20661
20662
20663
20664
20665
20666
20667
20668
20669
20670
20671
20672
20673
20674
20675
20676
20677
20678
20679
20680
20681
20682
20683
20684
20685
20686
20687
20688
20689
20690
20691
20692
20693
20694
20695
20696
20697
20698
20699
20700
20701
20702
20703
20704
20705
20706
20707
20708
20709
20710
20711
20712
20713
20714
20715
20716
20717
20718
20719
20720
20721
20722
20723
20724
20725
20726
20727
20728
20729
20730
20731
20732
20733
20735
20736
20737
20738
20739
20740
20741
20742
20743
20744
20745
20746
20747
20748
20749
20750
20751
20752
20753
20754
20755
20756
20757
20758
20759
20760
20761
20762
20763
20764
20765
20766
20767
20768
20769
20770
20771
20772
20773
20774
20775
20776
20777
20778
20779
20780
20781
20782
20783
20784
20785
20786
20787
20788
20789
20790
20791
20792
20793
20794
20795
20796
20797
20798
20799
20800
20801
20802
20803
20804
20805
20806
20807
20808
20809
20810
20811
20812
20813
20814
20815
20816
20817
20818
20819
20820
20821
20822
20823
20824
20825
20826
20827
20828
20829
20830
20831
20832
20833
20834
20835
20836
20837
20838
20839
20840
20841
20842
20843
20844
20845
20846
20847
20848
20849
20850
20851
20852
20853
20854
20855
20856
20857
20858
20859
20860
20861
20862
20863
20864
20865
20866
20867
20868
20869
20870
20871
20872
20874
20875
20876
20877
20878
20879
20880
20881
20882
20883
20884
20885
20886
20887
20888
20889
20890
20891
20892
20893
20894
20895
20896
20897
20898
20899
20900
20901
20902
20903
20904
20905
20906
20907
20908
20909
20910
20911
20912
20913
20914
20915
20916
20917
20918
20919
20920
20921
20922
20923
20924
20925
20926
20927
20928
20929
20930
20931
20932
20933
20934
20935
20936
20937
20938
20939
20940
20941
20942
20943
20944
20945
20946
20947
20948
20949
20950
20951
20952
20953
20954
20955
20956
20957
20958
20959
20960
20961
20962
20963
20964
20965
20966
20967
20968
20969
20970
20971
20972
20973
20974
20975
20976
20977
20978
20979
20980
20981
20982
20983
20984
20985
20986
20987
20988
20989
20990
20991
20992
20993
20994
20995
20996
20997
20998
20999
21000
21001
21002
21003
21004
21005
21006
21007
21008
21009
21010
21011
21012
21013
21014
21015
21016
21017
21018
21019
21020
21021
21022
21023
21024
21025
21026
21027
21028
21029
21030
21031
21032
21033
21035
21036
21037
21038
21039
21040
21041
21042
21043
21044
21045
21046
21047
21048
21049
21050
21051
21052
21053
21054
21055
21056
21057
21058
21059
21060
21061
21062
21063
21064
21065
21066
21067
21068
21069
21070
21071
21072
21073
21074
21075
21076
21077
21078
21079
21080
21081
21082
21083
21084
21085
21086
21087
21088
21089
21090
21091
21092
21093
21094
21095
21096
21097
21098
21099
21100
21101
21102
21103
21104
21105
21106
21107
21108
21109
21110
21111
21112
21113
21114
21115
21116
21117
21118
21119
21120
21121
21122
21123
21125
21126
21127
21128
21130
21132
21133
21135
21137
21138
21139
21140
21142
21144
21145
21146
21147
21148
21149
21150
21151
21152
21153
21154
21155
21156
21157
21158
21159
21160
21161
21162
21163
21164
21165
21166
21167
21169
21171
21172
21173
21174
21177
21178
21179
21181
21182
21183
21184
21185
21186
21187
21189
21190
21192
21193
21194
21195
21196
21197
21198
21199
21200
21202
21203
21205
21206
21207
21208
21210
21211
21213
21216
21218
21219
21221
21222
21224
21225
21228
21229
21230
21231
21232
21233
21234
21236
21237
21239
21241
21242
21243
21244
21245
21247
21248
21250
21251
21252
21254
21255
21256
21257
21258
21259
21260
21261
21263
21264
21265
21266
21269
21271
21272
21273
21274
21275
21276
21277
21278
21280
21281
21284
21285
21286
21287
21288
21289
21290
21291
21292
21293
21294
21295
21297
21298
21301
21302
21303
21304
21305
21307
21310
21313
21314
21315
21316
21317
21319
21320
21321
21322
21323
21324
21325
21326
21327
21328
21329
21330
21331
21332
21333
21334
21337
21338
21340
21341
21342
21343
21344
21345
21346
21347
21348
21349
21351
21352
21353
21355
21356
21357
21358
21360
21361
21362
21365
21366
21369
21370
21371
21373
21374
21375
21376
21377
21379
21381
21383
21384
21385
21386
21388
21390
21391
21393
21394
21395
21397
21398
21399
21400
21403
21405
21408
21409
21410
21411
21412
21413
21414
21415
21416
21417
21418
21419
21420
21421
21422
21423
21425
21426
21427
21429
21430
21431
21433
21435
21437
21438
21439
21441
21442
21443
21444
21445
21446
21447
21448
21449
21450
21451
21452
21453
21455
21458
21461
21462
21464
21465
21467
21469
21470
21471
21472
21473
21474
21475
21476
21479
21480
21481
21483
21484
21485
21487
21490
21492
21494
21495
21498
21499
21500
21501
21502
21503
21504
21505
21509
21511
21512
21513
21514
21516
21517
21518
21519
21521
21523
21525
21526
21527
21528
21529
21532
21533
21534
21535
21536
21537
21538
21539
21540
21542
21543
21544
21545
21546
21547
21549
21550
21551
21552
21553
21554
21555
21556
21557
21558
21559
21560
21561
21562
21563
21565
21567
21568
21570
21571
21572
21573
21574
21577
21578
21580
21583
21585
21586
21587
21588
21590
21591
21592
21593
21594
21595
21596
21597
21598
21599
21600
21602
21603
21604
21605
21606
21607
21608
21609
21610
21611
21612
21613
21614
21615
21616
21617
21618
21619
21620
21621
21622
21623
21624
21625
21626
21627
21628
21629
21630
21631
21632
21634
21635
21636
21637
21638
21639
21640
21642
21643
21644
21645
21646
21647
21651
21652
21653
21654
21656
21658
21660
21661
21662
21663
21664
21665
21666
21667
21670
21671
21672
21675
21677
21678
21679
21680
21681
21682
21683
21685
21686
21688
21689
21690
21692
21694
21695
21696
21698
21699
21700
21701
21702
21705
21706
21707
21708
21709
21710
21712
21713
21714
21715
21716
21718
21719
21721
21722
21724
21725
21726
21728
21729
21731
21732
21733
21734
21736
21737
21738
21739
21740
21744
21745
21748
21751
21753
21755
21757
21760
21761
21762
21763
21765
21766
21767
21768
21770
21771
21772
21773
21774
21775
21776
21778
21779
21780
21781
21782
21783
21784
21786
21788
21789
21790
21791
21792
21794
21795
21798
21799
21800
21801
21802
21803
21804
21805
21806
21808
21809
21810
21811
21812
21813
21814
21815
21817
21818
21819
21820
21821
21822
21823
21824
21825
21826
21827
21828
21829
21830
21832
21833
21834
21835
21836
21838
21839
21840
21841
21842
21843
21845
21846
21847
21848
21849
21850
21851
21852
21854
21855
21856
21858
21859
21860
21861
21862
21863
21864
21865
21866
21867
21868
21869
21870
21872
21874
21875
21876
21878
21879
21880
21881
21882
21883
21885
21886
21887
21888
21893
21894
21895
21897
21898
21900
21901
21902
21903
21905
21906
21907
21909
21910
21911
21914
21915
21916
21917
21923
21924
21925
21926
21927
21928
21929
21932
21933
21934
21936
21938
21939
21940
21941
21942
21943
21944
21946
21947
21948
21949
21950
21951
21952
21954
21955
21956
21958
21960
21961
21962
21963
21964
21965
21966
21967
21968
21969
21970
21971
21973
21974
21975
21976
21977
21978
21980
21981
21982
21983
21984
21986
21987
21988
21989
21991
21992
21993
21994
21995
21996
21998
21999
22001
22002
22005
22006
22007
22008
22009
22010
22011
22012
22013
22014
22015
22016
22018
22020
22021
22022
22023
22024
22025
22026
22027
22029
22031
22033
22036
22038
22039
22040
22041
22042
22043
22044
22046
22047
22048
22049
22051
22052
22053
22054
22055
22056
22057
22058
22059
22060
22061
22062
22064
22065
22066
22067
22068
22069
22070
22071
22072
22073
22074
22076
22077
22078
22079
22080
22081
22083
22084
22085
22088
22089
22090
22091
22092
22093
22094
22095
22096
22098
22099
22100
22101
22102
22103
22105
22106
