15155
15157
15161
15164
15183
15188
15193
15206
15210
15216
15218
15219
15225
15237
15248
15250
15253
15255
15269
15297
15300
15303
15305
15307
15311
15313
15315
15322
15327
15331
15337
15338
15340
15344
15345
15362
15363
15371
15373
15378
15389
15391
15413
15414
15416
15417
15437
15445
15453
15455
15460
15466
15471
15475
15485
15487
15501
15507
15511
15514
15517
15649
15907
15908
15909
15910
15911
15912
15913
15914
15915
15916
15917
15918
15920
15921
15922
15923
15924
15925
15926
15927
15928
15931
15943
15946
15952
15958
15963
15970
15973
15975
15982
15986
15998
16005
16011
16012
16013
16018
16020
16027
16035
16037
16044
16051
16057
16064
16070
16073
16082
16084
16088
16093
16097
16113
16116
16117
16120
16121
16137
16138
16139
16147
16152
16154
16168
16181
16192
16195
16198
16202
16208
16211
16213
16216
16217
16225
16239
16246
16248
16249
16257
16261
16270
16271
16272
16273
16277
16278
16283
16288
16289
16291
16292
16297
16298
16300
16304
16311
16323
16330
16334
16350
16358
16384
16385
16394
16397
16402
16403
16408
16409
16417
16421
16424
16425
16432
16436
16437
16441
16442
16449
16454
16455
16461
16465
16466
16468
16469
16470
16475
16479
16484
16485
16489
16510
16526
16532
16534
16539
16541
16542
16543
16544
16550
16554
16556
16564
16567
16570
16580
16584
16589
16601
16603
16607
16609
16610
16614
16619
16620
16622
16625
16627
16628
16629
16635
16636
16637
16641
16647
16648
16651
16653
16663
16664
16666
16672
16681
16685
16686
16691
16694
16698
16701
16702
16703
16707
16716
16718
16729
16734
16745
16749
16751
16754
16764
16767
16768
16775
16777
16783
16792
16800
16805
16809
16813
16847
16855
16856
16858
16860
16862
16864
16875
16879
16889
16899
16900
16910
16912
16913
16915
16939
16953
16954
16956
16959
16967
16968
16969
16975
16982
16983
16990
17007
17013
17016
17017
17018
17025
17028
17031
17036
17039
17041
17044
17046
17051
17060
17062
17066
17067
17074
17077
17078
17081
17082
17083
17085
17092
17096
17097
17102
17104
17105
17108
17109
17116
17122
17126
17128
17135
17139
17144
17150
17159
17168
17172
17181
17186
17195
17197
17198
17202
17206
17227
17229
17233
17234
17244
17249
17251
17252
17259
17271
17277
17284
17295
17296
17297
17299
17306
17318
17320
17321
17325
17326
17327
17329
17330
17336
17338
17341
17344
17345
17348
17350
17353
17356
17358
17359
17372
17377
17380
17381
17384
17386
17391
17400
17414
17429
17436
17444
17447
17450
17453
17455
17456
17460
17461
17463
17464
17471
17473
17477
17488
17491
17506
17508
17509
17511
17512
17513
17515
17516
17518
17521
17522
17527
17528
17529
17531
17532
17534
17535
17536
17537
17539
17541
17546
17547
17548
17549
17550
17554
17555
17556
17559
17563
17564
17566
17569
17570
17571
17573
17577
17580
17582
17584
17586
17589
17591
17594
17595
17599
17601
17604
17606
17607
17609
17610
17611
17612
17618
17621
17622
17624
17625
17629
17630
17632
17633
17634
17637
17638
17639
17640
17641
17642
17643
17644
17645
17646
17647
17648
17649
17651
17654
17655
17656
17658
17660
17661
17662
17663
17664
17665
17666
17667
17668
17669
17670
17671
17672
17673
17674
17676
17677
17678
17679
17683
17684
17685
17686
17687
17688
17689
17690
17691
17692
17693
17694
17695
17696
17699
17700
17702
17703
17704
17705
17706
17707
17708
17709
17710
17711
17712
17713
17714
17715
17716
17717
17718
17719
17720
17721
17722
17723
17724
17725
17726
17727
17728
17729
17730
17731
17732
17733
17734
17735
17736
17737
17738
17739
17740
17741
17742
17743
17744
17745
17746
17747
17748
17749
17750
17751
17752
17753
17754
17755
17756
17757
17758
17759
17760
17761
17762
17763
17764
17765
17766
17767
17768
17769
17770
17771
17772
17773
17774
17775
17776
17777
17778
17779
17780
17781
17782
17783
17784
17785
17786
17787
17788
17789
17790
17791
17792
17793
17794
17795
17796
17797
17798
17799
17800
17801
17802
17803
17804
17805
17806
17807
17808
17809
17810
17811
17812
17813
17814
17815
17816
17817
17818
17819
17820
17821
17822
17823
17824
17825
17826
17827
17828
17829
17830
17831
17833
17834
17835
17836
17837
17838
17839
17840
17841
17842
17843
17844
17845
17846
17847
17848
17849
17850
17851
17852
17853
17854
17855
17856
17857
17858
17859
17860
17861
17862
17863
17864
17865
17866
17867
17868
17869
17870
17871
17872
17873
17874
17875
17876
17877
17878
17879
17880
17881
17882
17883
17884
17885
17886
17887
17888
17889
17890
17891
17892
17893
17894
17895
17896
17897
17898
17899
17900
17901
17902
17903
17904
17905
17906
17907
17908
17909
17910
17911
17912
17913
17914
17915
17916
17917
17918
17919
17920
17921
17922
17923
17925
17926
17928
17929
17930
17931
17932
17933
17935
17936
17937
17940
17941
17942
17943
17944
17945
17946
17947
17948
17949
17950
17951
17952
17954
17955
17956
17958
17959
17960
17964
17966
17967
17968
17969
17970
17971
17972
17973
17974
17975
17976
17977
17978
17979
17980
17982
17983
17984
17985
17986
17987
17988
17989
17990
17991
17992
17993
17994
17995
17996
17997
17998
17999
18000
18001
18002
18004
18005
18006
18007
18008
18009
18010
18012
18013
18015
18016
18017
18018
18019
18020
18021
18022
18023
18024
18025
18026
18028
18029
18030
18031
18032
18033
18035
18037
18038
18039
18040
18041
18042
18044
18047
18048
18049
18050
18052
18053
18054
18055
18056
18057
18058
18059
18060
18061
18062
18063
18064
18065
18066
18068
18069
18070
18071
18072
18073
18074
18075
18076
18077
18078
18079
18080
18081
18082
18083
18084
18085
18086
18087
18088
18089
18090
18091
18093
18095
18096
18097
18098
18101
18103
18104
18105
18106
18107
18108
18109
18110
18111
18112
18113
18114
18115
18117
18118
18119
18120
18121
18122
18124
18125
18126
18127
18128
18129
18130
18131
18132
18133
18134
18135
18136
18137
18138
18139
18140
18141
18142
18143
18144
18145
18146
18147
18148
18149
18152
18153
18155
18156
18157
18158
18159
18160
18162
18163
18164
18165
18166
18167
18168
18169
18170
18171
18173
18174
18175
18177
18178
18179
18180
18181
18182
18183
18184
18185
18186
18187
18188
18189
18190
18191
18192
18194
18195
18196
18197
18198
18199
18200
18201
18202
18203
18204
18207
18208
18209
18210
18211
18212
18213
18214
18215
18216
18217
18218
18219
18220
18221
18222
18223
18224
18226
18227
18228
18229
18231
18232
18233
18234
18235
18236
18237
18238
18239
18241
18242
18243
18245
18246
18247
18248
18250
18251
18252
18253
18254
18255
18256
18257
18258
18259
18260
18261
18262
18263
18265
18266
18267
18268
18269
18270
18271
18272
18273
18274
18275
18276
18277
18278
18279
18280
18281
18283
18284
18286
18287
18288
18289
18290
18291
18292
18293
18294
18295
18296
18297
18299
18300
18301
18302
18303
18304
18305
18306
18307
18308
18309
18310
18311
18312
18313
18314
18316
18318
18319
18320
18321
18322
18323
18325
18326
18327
18328
18329
18330
18331
18332
18333
18334
18335
18337
18338
18339
18340
18341
18342
18343
18345
18346
18347
18348
18349
18350
18351
18352
18353
18354
18356
18357
18358
18359
18360
18361
18362
18363
18364
18365
18366
18367
18369
18370
18371
18372
18373
18375
18376
18377
18378
18379
18380
18381
18382
18383
18384
18386
18387
18388
18389
18390
18391
18392
18393
18394
18395
18397
18398
18399
18400
18401
18402
18403
18404
18405
18406
18407
18408
18410
18411
18412
18413
18414
18415
18416
18417
18418
18419
18420
18421
18422
18423
18424
18425
18426
18427
18428
18429
18430
18431
18432
18434
18435
18436
18438
18439
18441
18442
18443
18444
18445
18446
18447
18449
18450
18451
18452
18453
18454
18455
18456
18458
18459
18460
18461
18462
18463
18464
18466
18467
18468
18469
18470
18472
18473
18474
18475
18476
18477
18478
18479
18480
18481
18482
18483
18485
18486
18487
18488
18489
18491
18492
18493
18494
18495
18496
18497
18499
18502
18503
18504
18505
18507
18508
18509
18510
18511
18512
18514
18516
18517
18518
18519
18520
18521
18522
18523
18524
18525
18526
18527
18528
18529
18530
18531
18532
18534
18536
18537
18538
18539
18540
18541
18542
18543
18544
18545
18546
18548
18549
18550
18551
18552
18553
18554
18555
18556
18557
18558
18559
18560
18561
18562
18563
18564
18565
18566
18568
18569
18570
18571
18572
18573
18574
18575
18576
18577
18578
18579
18580
18581
18583
18584
18585
18586
18587
18588
18590
18591
18593
18594
18595
18596
18599
18600
18601
18602
18604
18606
18607
18609
18610
18611
18612
18613
18614
18615
18616
18617
18618
18619
18620
18621
18622
18623
18624
18625
18626
18627
18628
18629
18630
18631
18632
18633
18634
18636
18637
18638
18639
18640
18641
18642
18644
18645
18646
18647
18648
18649
18650
18651
18652
18653
18654
18655
18656
18657
18658
18659
18660
18661
18662
18663
18665
18666
18667
18668
18669
18670
18671
18672
18673
18674
18675
18676
18677
18678
18680
18681
18682
18683
18684
18685
18686
18687
18688
18689
18690
18691
18692
18693
18694
18695
18696
18697
18698
18699
18700
18701
18702
18703
18705
18706
18708
18709
18710
18711
18712
18713
18715
18717
18718
18719
18720
18722
18724
18725
18727
18728
18730
18731
18733
18735
18736
18738
18739
18740
18745
18747
18749
18750
18751
18752
18753
18754
18758
18761
18762
18763
18764
18765
18767
18770
18772
18773
18778
18779
18780
18783
18785
18786
18787
18788
18789
18790
18791
18792
18795
18798
18799
18800
18801
18803
18807
18808
18810
18813
18814
18816
18818
18820
18821
18822
18824
18826
18827
18828
18829
18830
18832
18833
18834
18836
18837
18839
18841
18842
18844
18845
18848
18849
18850
18851
18852
18853
18854
18855
18856
18857
18858
18859
18860
18861
18862
18863
18865
18866
18868
18872
18874
18875
18876
18877
18878
18881
18883
18884
18885
18886
18887
18888
18890
18891
18894
18896
18897
18898
18899
18900
18901
18903
18904
18905
18909
18910
18912
18913
18914
18915
18918
18919
18921
18923
18924
18925
18927
18930
18931
18933
18937
18938
18940
18941
18942
18943
18944
18945
18949
18952
18956
18957
18958
18959
18960
18961
18963
18964
18966
18970
18971
18972
18973
18974
18976
18977
18978
18980
18981
18982
18983
18984
18985
18987
18988
18991
18992
18993
18996
18997
18998
18999
19000
19001
19002
19003
19006
19007
19008
19009
19010
19011
19013
19014
19015
19016
19017
19018
19019
19020
19022
19023
19024
19025
19026
19028
19030
19031
19035
19036
19040
19042
19043
19044
19045
19048
19052
19053
19055
19056
19057
19058
19059
19060
19061
19063
19064
19066
19067
19069
19070
19071
19073
19074
19075
19076
19078
19080
19083
19084
19085
19086
19088
19089
19090
19091
19092
19094
19095
19096
19097
19098
19100
19101
19102
19103
19104
19105
19107
19111
19112
19113
19114
19117
19118
19120
19122
19123
19124
19125
19126
19127
19128
19129
19130
19133
19134
19135
19136
19137
19138
19139
19140
19142
19143
19147
19149
19150
19151
19152
19153
19154
19156
19157
19158
19159
19160
19161
19162
19163
19164
19165
19166
19167
19169
19170
19171
19173
19178
19179
19182
19183
19184
19185
19186
19187
19188
19189
19191
19192
19193
19194
19196
19197
19200
19201
19202
19203
19204
19206
19207
19209
19211
19213
19214
19216
19217
19219
19220
19221
19222
19225
19226
19227
19229
19230
19231
19234
19235
19236
19238
19239
19241
19243
19244
19246
19247
19249
19250
19251
19253
19256
19257
19258
19259
19260
19263
19264
19265
19268
19269
19271
19272
19273
19274
19275
19276
19278
19281
19282
19284
19287
19289
19290
19291
19293
19295
19299
19303
19304
19305
19306
19307
19308
19309
19311
19314
19315
19316
19318
19321
19323
19327
19328
19331
19332
19333
19334
19335
19338
19340
19342
19343
19345
19349
19351
19354
19355
19357
19358
19360
19362
19363
19366
19369
19372
19373
19374
19379
19381
19383
19384
19387
19389
19391
19394
19395
19400
19401
19403
19405
19407
19408
19409
19410
19411
19412
19414
19415
19417
19418
19419
19420
19422
19424
19427
19429
19430
19431
19432
19433
19435
19436
19438
19439
19443
19444
19445
19448
19449
19450
19451
19452
19454
19455
19458
19459
19461
19465
19469
19472
19473
19475
19476
19481
19483
19484
19488
19489
19493
19494
19496
19498
19501
19506
19507
19509
19510
19512
19514
19515
19516
19517
19520
19521
19524
19525
19529
19530
19531
19533
19536
19537
19539
19540
19545
19549
19551
19552
19558
19560
19561
19562
19563
19567
19570
19572
19573
19576
19577
19578
19579
19580
19581
19584
19585
19586
19587
19590
19592
19593
19595
19596
19597
19598
19600
19601
19602
19608
19609
19612
19613
19615
19616
19618
19620
19623
19628
19629
19631
19634
19635
19636
19638
19639
19640
19641
19643
19644
19645
19653
19656
19661
19666
19668
19669
19672
19674
19675
19678
19680
19681
19682
19684
19686
19689
19693
19694
19695
19701
19702
19709
19711
19713
19715
19717
19718
19721
19724
19727
19728
19729
19733
19734
19736
19739
19740
19741
19743
19744
19749
19750
19752
19753
19755
19756
19757
19760
19761
19762
19763
19766
19767
19772
19776
19778
19780
19782
19783
19785
19788
19789
19796
19798
19800
19802
19807
19808
19809
19812
19818
19820
19823
19829
19830
19831
19832
19835
19838
19840
19841
19842
19843
19847
19848
19849
19851
19853
19855
19860
19861
19865
19867
19868
19871
19872
19873
19874
19875
19877
19880
19881
19883
19884
19885
19886
19889
19892
19893
19895
19896
19897
19899
19900
19901
19902
19905
19908
19909
19912
19915
19917
19918
19919
19920
19921
19922
19924
19926
19928
19931
19934
19935
19936
19939
19941
19943
19947
19948
19950
19954
19955
19959
19960
19961
19965
19966
19967
19968
19970
19972
19973
19975
19979
19983
19984
19985
19987
19988
19989
19991
19995
19996
20001
20008
20010
20011
20016
20018
20021
20024
20038
20039
20042
20045
20047
20048
20051
20052
20057
20058
20063
20064
20076
20078
20080
20085
20086
20087
20088
20094
20099
20101
20102
20103
20106
20108
20110
20111
20118
20120
20125
20130
20132
20138
20140
20143
20144
20149
20154
20158
20159
20160
20164
20165
20168
20169
20171
20173
20174
20175
20181
20182
20184
20186
20187
20196
20197
20201
20206
20207
20210
20214
20218
20219
20223
20224
20232
20234
20236
20237
20238
20239
20241
20245
20246
20247
20255
20258
20260
20262
20264
20267
20270
20274
20280
20281
20282
20284
20287
20288
20301
20306
20308
20311
20314
20316
20317
20318
20319
20322
20325
20330
20334
20335
20336
20341
20343
20349
20350
20351
20353
20355
20357
20359
20364
20367
20368
20369
20372
20374
20376
20381
20382
20384
20386
20389
20398
20400
20401
20405
20410
20414
20416
20417
20418
20419
20420
20422
20434
20441
20442
20447
20451
20452
20459
20460
20462
20464
20468
20472
20478
20479
20482
20483
20484
20492
20493
20495
20498
20500
20506
