10519
10524
10560
10564
10566
10567
10568
10569
10571
10572
10573
10574
10575
10576
10581
10583
10584
10595
10641
10646
10650
10653
10660
10679
10691
10698
10700
10702
10706
10707
10710
10717
10718
10719
10726
10728
10729
10731
10737
10739
10742
10745
10746
10747
10750
10755
10759
10761
10762
10763
10764
10765
10767
10768
10769
10770
10772
10774
10775
10777
10779
10784
10785
10788
10789
10790
10794
10796
10797
10798
10800
10801
10810
10812
10814
10816
10817
10823
10825
10826
10827
10828
10829
10831
10832
10834
10837
10839
10842
10843
10844
10845
10846
10847
10848
10849
10850
10853
10854
10857
10858
10862
10864
10865
10868
10871
10872
10873
10874
10875
10877
10878
10882
10884
10888
10890
10891
10892
10895
10896
10897
10904
10905
10908
10909
10912
10914
10915
10916
10918
10919
10920
10922
10923
10924
10926
10927
10928
10929
10932
10936
10937
10938
10940
10941
10942
10943
10945
10947
10949
10952
10957
10959
10960
10961
10963
10965
10966
10967
10969
10970
10971
10972
10973
10974
10977
10981
10982
10983
10984
10985
10987
10989
10994
10996
10997
11002
11005
11006
11009
11012
11013
11014
11016
11019
11022
11023
11025
11027
11029
11031
11033
11035
11036
11037
11038
11040
11041
11042
11043
11044
11045
11049
11052
11054
11055
11058
11060
11062
11065
11069
11071
11074
11080
11081
11085
11089
11090
11092
11096
11097
11101
11102
11104
11105
11107
11111
11112
11116
11117
11118
11119
11121
11125
11126
11127
11129
11139
11145
11146
11147
11149
11152
11154
11157
11160
11161
11162
11163
11165
11168
11170
11173
11174
11177
11179
11182
11183
11186
11191
11193
11196
11197
11198
11202
11208
11209
11212
11213
11214
11217
11222
11223
11224
11226
11229
11230
11231
11232
11239
11241
11243
11247
11251
11252
11255
11256
11261
11262
11263
11265
11266
11267
11271
11272
11273
11277
11279
11280
11281
11283
11285
11288
11289
11291
11294
11295
11297
11299
11302
11306
11307
11311
11312
11315
11318
11319
11320
11321
11328
11329
11330
11333
11335
11342
11348
11349
11350
11351
11353
11354
11355
11356
11358
11359
11361
11362
11363
11367
11368
11369
11370
11371
11373
11376
11377
11378
11380
11381
11386
11387
11389
11391
11392
11394
11396
11400
11402
11405
11407
11408
11411
11412
11413
11414
11415
11416
11425
11426
11428
11432
11435
11437
11438
11439
11440
11444
11445
11450
11451
11452
11454
11455
11459
11460
11461
11462
11467
11470
11471
11472
11476
11478
11480
11482
11484
11486
11487
11489
11490
11496
11497
11499
11500
11503
11508
11509
11510
11511
11514
11516
11519
11523
11526
11529
11531
11532
11534
11536
11539
11540
11542
11543
11544
11546
11549
11550
11552
11556
11560
11562
11566
11567
11570
11571
11572
11575
11578
11581
11582
11584
11587
11591
11594
11595
11597
11599
11600
11607
11608
11611
11612
11614
11617
11619
11620
11624
11625
11626
11628
11630
11632
11635
11638
11642
11648
11650
11652
11653
11658
11659
11666
11668
11671
11672
11673
11675
11678
11680
11681
11682
11683
11684
11687
11689
11693
11694
11696
11698
11703
11704
11705
11706
11707
11708
11709
11710
11711
11714
11715
11716
11720
11722
11723
11727
11728
11729
11732
11733
11735
11739
11742
11743
11744
11746
11747
11749
11752
11756
11757
11758
11760
11761
11762
11763
11765
11766
11767
11768
11769
11773
11774
11775
11776
11777
11779
11781
11782
11783
11787
11788
11791
11793
11794
11795
11796
11797
11798
11799
11802
11805
11807
11808
11810
11811
11812
11813
11814
11817
11821
11824
11825
11828
11832
11833
11837
11839
11840
11842
11845
11846
11847
11849
11850
11852
11861
11862
11863
11865
11867
11869
11870
11871
11872
11878
11879
11884
11885
11891
11892
11894
11896
11897
11905
11906
11907
11908
11909
11910
11912
11914
11916
11917
11922
11923
11929
11932
11933
11934
11935
11936
11937
11939
11940
11941
11945
11946
11948
11950
11952
11953
11954
11957
11960
11962
11965
11967
11968
11971
11977
11978
11980
11981
11982
11983
11985
11987
11988
11990
11991
11994
11995
11997
11998
11999
12000
12001
12002
12003
12004
12005
12010
12015
12017
12021
12022
12026
12030
12031
12032
12033
12038
12040
12041
12042
12045
12047
12050
12051
12055
12058
12059
12063
12064
12065
12067
12068
12069
12070
12072
12073
12079
12081
12082
12085
12086
12087
12093
12097
12100
12101
12102
12104
12105
12106
12107
12109
12110
12111
12112
12113
12114
12115
12116
12117
12119
12120
12121
12122
12123
12125
12126
12129
12131
12132
12140
12141
12142
12143
12146
12151
12156
12159
12161
12162
12165
12166
12168
12169
12171
12174
12175
12176
12178
12182
12183
12185
12187
12188
12189
12190
12192
12193
12195
12196
12201
12203
12204
12205
12206
12208
12209
12210
12213
12214
12215
12216
12222
12224
12225
12226
12227
12229
12230
12234
12235
12237
12238
12240
12241
12244
12245
12247
12249
12251
12252
12253
12254
12255
12256
12258
12259
12260
12262
12263
12264
12265
12266
12267
12268
12269
12270
12272
12275
12278
12279
12282
12283
12285
12290
12291
12292
12294
12296
12297
12298
12300
12301
12303
12305
12306
12308
12314
12315
12316
12318
12319
12322
12324
12326
12329
12330
12331
12334
12336
12337
12339
12340
12341
12342
12350
12351
12352
12353
12354
12355
12356
12362
12363
12364
12367
12368
12370
12372
12373
12375
12376
12378
12380
12383
12384
12386
12387
12389
12391
12392
12394
12395
12398
12400
12401
12402
12403
12404
12405
12407
12410
12413
12418
12422
12423
12428
12429
12430
12431
12432
12434
12435
12436
12437
12443
12445
12446
12447
12451
12452
12453
12454
12459
12460
12464
12466
12468
12469
12470
12471
12472
12474
12476
12477
12481
12486
12487
12489
12497
12500
12501
12508
12509
12512
12516
12517
12518
12520
12522
12523
12524
12525
12526
12529
12530
12532
12538
12539
12541
12544
12545
12546
12547
12548
12549
12556
12558
12560
12563
12564
12568
12571
12572
12573
12574
12575
12576
12577
12579
12585
12586
12588
12591
12592
12594
12596
12597
12598
12601
12602
12603
12606
12608
12610
12615
12616
12622
12623
12624
12625
12626
12629
12630
12631
12632
12633
12634
12642
12644
12647
12648
12649
12651
12655
12659
12662
12663
12664
12666
12668
12671
12672
12674
12678
12681
12684
12687
12688
12697
12699
12701
12702
12703
12708
12709
12710
12713
12715
12719
12725
12727
12729
12735
12736
12742
12743
12748
12749
12750
12751
12758
12759
12760
12761
12762
12763
12766
12768
12770
12771
12773
12774
12775
12778
12780
12781
12784
12785
12788
12791
12792
12795
12800
12802
12803
12806
12810
12812
12813
12815
12817
12818
12819
12822
12823
12825
12826
12828
12830
12834
12835
12837
12838
12843
12851
12852
12853
12854
12855
12856
12857
12859
12860
12862
12863
12864
12868
12869
12872
12874
12875
12877
12880
12881
12882
12884
12886
12887
12888
12892
12893
12898
12899
12901
12903
12906
12907
12911
12913
12916
12917
12918
12920
12922
12923
12926
12929
12930
12931
12932
12935
12936
12938
12940
12945
12946
12947
12948
12953
12954
12955
12959
12965
12966
12967
12968
12973
12976
12981
12982
12987
12990
12992
12993
12995
12996
12997
12999
13000
13003
13004
13006
13010
13011
13015
13016
13018
13019
13021
13027
13030
13031
13032
13036
13037
13038
13041
13042
13043
13044
13046
13047
13049
13050
13051
13052
13054
13056
13058
13059
13060
13064
13065
13067
13068
13069
13072
13076
13080
13082
13083
13085
13088
13090
13091
13092
13094
13095
13096
13097
13098
13101
13103
13105
13107
13108
13111
13114
13116
13117
13123
13124
13125
13126
13127
13130
13137
13140
13141
13143
13146
13147
13148
13149
13152
13154
13155
13157
13163
13165
13166
13167
13168
13170
13172
13173
13174
13176
13177
13179
13180
13182
13183
13184
13186
13187
13188
13190
13195
13196
13199
13204
13205
13206
13208
13210
13212
13214
13215
13216
13222
13223
13224
13229
13230
13232
13236
13241
13244
13245
13247
13248
13249
13250
13251
13256
13258
13259
13260
13262
13263
13271
13273
13274
13275
13277
13279
13281
13283
13285
13287
13290
13292
13294
13295
13297
13301
13309
13310
13312
13317
13318
13319
13320
13321
13323
13324
13325
13326
13330
13331
13332
13333
13334
13338
13339
13340
13342
13346
13348
13356
13357
13360
13361
13362
13364
13365
13366
13368
13371
13372
13373
13374
13375
13378
13380
13382
13385
13391
13392
13394
13395
13396
13397
13398
13399
13402
13404
13406
13407
13408
13411
13412
13417
13419
13423
13425
13426
13427
13432
13435
13436
13440
13446
13451
13452
13453
13457
13458
13459
13461
13463
13466
13468
13469
13470
13472
13476
13479
13482
13483
13487
13488
13489
13492
13494
13496
13499
13503
13507
13510
13511
13512
13514
13518
13519
13520
13522
13523
13525
13527
13530
13531
13532
13534
13535
13538
13539
13540
13543
13544
13547
13548
13549
13551
13556
13557
13558
13560
13562
13563
13564
13565
13568
13570
13576
13577
13582
13583
13586
13587
13589
13591
13592
13594
13596
13597
13598
13600
13604
13605
13607
13608
13615
13616
13619
13623
13627
13628
13631
13634
13640
13644
13645
13647
13648
13651
13654
13655
13657
13658
13659
13660
13661
13664
13667
13669
13670
13671
13672
13673
13674
13676
13678
13681
13683
13684
13686
13689
13691
13692
13693
13695
13700
13703
13705
13706
13710
13711
13712
13713
13714
13715
13717
13718
13719
13720
13721
13728
13730
13731
13732
13733
13735
13738
13743
13744
13746
13748
13749
13751
13752
13756
13758
13760
13762
13763
13764
13765
13769
13772
13773
13780
13783
13786
13787
13788
13790
13791
13792
13797
13798
13800
13802
13807
13809
13810
13811
13815
13817
13818
13819
13821
13823
13826
13827
13828
13830
13832
13833
13834
13836
13838
13840
13841
13842
13843
13844
13847
13848
13849
13851
13854
13856
13860
13862
13864
13865
13866
13867
13868
13870
13871
13879
13881
13882
13885
13886
13887
13888
13889
13890
13891
13895
13897
13898
13899
13900
13902
13903
13909
13910
13912
13913
13916
13917
13923
13924
13926
13927
13931
13932
13933
13934
13935
13936
13937
13938
13942
13944
13947
13948
13949
13950
13951
13962
13963
13969
13975
13976
13981
13983
13984
13987
13988
13990
13992
13993
13994
13996
13998
14000
14005
14008
14009
14010
14011
14012
14013
14014
14015
14016
14020
14021
14022
14023
14024
14025
14027
14029
14032
14033
14034
14035
14038
14044
14045
14051
14052
14053
14055
14056
14057
14058
14059
14060
14061
14064
14065
14068
14071
14072
14073
14075
14080
14082
14085
14086
14087
14089
14090
14091
14092
14093
14094
14097
14099
14100
14101
14102
14104
14105
14106
14109
14110
14111
14112
14115
14117
14120
14121
14123
14124
14125
14126
14128
14130
14135
14136
14138
14140
14142
14143
14145
14147
14148
14153
14154
14155
14163
14165
14168
14169
14170
14172
14174
14175
14176
14178
14180
14184
14187
14191
14193
14194
14196
14197
14198
14199
14201
14203
14204
14205
14207
14208
14210
14211
14212
14215
14216
14217
14224
14225
14226
14229
14232
14235
14237
14239
14241
14242
14244
14245
14246
14247
14249
14254
14255
14258
14259
14261
14264
14266
14277
14280
14281
14282
14283
14286
14288
14289
14291
14292
14296
14297
14299
14301
14302
14305
14307
14308
14310
14311
14312
14314
14317
14318
14322
14326
14327
14329
14331
14334
14337
14339
14340
14343
14344
14347
14349
14350
14351
14352
14354
14356
14357
14358
14360
14361
14363
14365
14369
14370
14372
14373
14379
14380
14386
14387
14389
14395
14396
14398
14399
14400
14401
14402
14403
14407
14408
14410
14412
14413
14414
14416
14417
14419
14420
14422
14423
14424
14425
14428
14430
14433
14434
14436
14438
14439
14445
14446
14447
14448
14449
14451
14455
14462
14463
14464
14467
14470
14471
14472
14473
14475
14476
14477
14480
14481
14482
14484
14486
14487
14492
14493
14494
14496
14497
14498
14503
14506
14507
14509
14511
14514
14515
14517
14519
14522
14523
14524
14526
14527
14528
14529
14530
14531
14533
14534
14536
14537
14539
14540
14543
14545
14546
14547
14548
14550
14551
14554
14556
14560
14562
14564
14566
14569
14570
14571
14575
14577
14579
14580
14582
14583
14584
14586
14587
14589
14593
14595
14598
14599
14602
14604
14606
14608
14609
14610
14613
14615
14617
14619
14620
14621
14623
14624
14625
14626
14632
14633
14634
14636
14637
14638
14639
14642
14644
14645
14649
14652
14653
14654
14657
14658
14660
14661
14662
14664
14665
14666
14669
14670
14671
14672
14673
14674
14675
14676
14677
14678
14680
14684
14685
14687
14688
14692
14696
14699
14700
14703
14704
14705
14707
14708
14712
14714
14715
14719
14722
14723
14724
14725
14727
14728
14730
14733
14735
14736
14737
14745
14749
14750
14751
14752
14754
14760
14763
14764
14766
14767
14768
14770
14771
14772
14774
14775
14777
14779
14781
14785
14787
14788
14790
14793
14795
14796
14797
14798
14799
14800
14803
14805
14806
14810
14811
14812
14813
14814
14815
14817
14819
14825
14829
14831
14832
14834
14835
14836
14837
14838
14839
14842
14844
14845
14846
14849
14850
14853
14854
14859
14860
14861
14862
14865
14867
14868
14871
14873
14874
14877
14878
14879
14880
14881
14884
14885
14886
14889
14891
14892
14894
14898
14900
14901
14903
14904
14906
14908
14909
14912
14913
14914
14918
14922
14923
14924
14925
14928
14929
14931
14935
14938
14940
14943
14946
14947
14948
14953
14954
14955
14960
14962
14965
14966
14968
14969
14970
14971
14972
14975
14977
14979
14980
14981
14984
14986
14987
14988
14989
14992
14993
14994
14997
14999
15000
15003
15004
15005
15006
15007
15011
15014
15015
15016
15023
15027
15029
15035
15042
15043
15044
15048
15050
15051
15053
15054
15058
15064
15065
15068
15070
15077
15078
15080
15081
15084
15085
15086
15087
15090
15092
15095
15097
15098
15099
15102
15104
15105
15106
15107
15108
15109
15110
15111
15112
15116
15117
15118
15120
15123
15124
15125
15126
15128
15131
15132
15135
15137
15139
15143
15144
15147
15148
15149
15150
15151
15152
15154
15156
15158
15159
15160
15165
15170
15172
15176
15178
15181
15186
15187
15191
15192
15195
15196
15197
15198
15200
15205
15211
15212
15214
15215
15217
15223
15226
15228
15229
15231
15233
15239
15240
15242
15243
15245
15246
15251
15252
15254
15256
15259
15266
15268
15273
15281
15283
15285
15290
15292
15295
15296
15304
15309
15312
15316
15317
15320
15325
15328
15329
15330
15333
15336
15339
15342
15346
15347
15348
15351
15354
15356
15357
15359
15361
15364
15366
15370
15374
15382
15384
15385
15386
15387
15392
15393
15395
15396
15400
15403
15405
15410
15419
15421
15422
15423
15424
15427
15428
15429
15432
15433
15436
15438
15439
15441
15443
15444
15447
15448
15449
15451
15456
15458
15463
15465
15467
15468
15473
15476
15477
15482
15483
15488
15492
15493
15494
15495
15496
15499
15500
15502
15503
15504
