28541
34771
34841
34845
34853
34856
34858
34860
34865
34869
34874
34880
34883
34885
34886
34887
34889
34890
34892
34893
34894
34897
34899
34900
34901
34902
34904
34907
34910
34911
34912
34913
34914
34915
34916
34918
34919
34920
34921
34922
34923
34924
34925
34926
34927
34929
34930
34931
34932
34933
34934
34936
34938
34940
34941
34942
34944
34945
34946
34947
34951
34952
34953
34954
34955
34957
34958
34961
34963
34964
34969
34975
34978
34980
34982
34983
34986
34987
34989
34990
34991
34992
34998
34999
35000
35002
35004
35005
35006
35007
35008
35009
35010
35011
35012
35013
35014
35015
35016
35017
35019
35020
35022
35023
35024
35026
35029
35030
35031
35032
35033
35034
35036
35037
35039
35041
35042
35043
35044
35046
35047
35048
35049
35050
35051
35052
35053
35054
35055
35056
35057
35059
35060
35061
35062
35063
35064
35065
35066
35067
35070
35071
35073
35075
35077
35078
35080
35081
35082
35084
35085
35086
35087
35088
35089
35090
35091
35093
35094
35095
35096
35097
35098
35099
35100
35102
35103
35104
35105
35106
35107
35109
35110
35111
35113
35114
35118
35120
35125
35126
35128
35129
35130
35131
35132
35133
35134
35135
35137
35138
35139
35141
35143
35144
35145
35146
35147
35148
35149
35150
35151
35152
35153
35154
35155
35156
35157
35158
35160
35161
35162
35163
35169
35170
35171
35174
35177
35179
35180
35183
35189
35190
35191
35192
35197
35199
35643
35646
35652
35654
35657
35658
35659
35662
35663
35664
35665
35667
35668
35669
35670
35672
35673
35675
35677
35678
35679
35680
35681
35682
35685
35688
35689
35691
35692
35693
35699
35700
35701
35702
35706
35709
35710
35711
35712
35713
35714
35718
35721
35722
35723
35724
35725
35726
35727
35728
35730
35731
35732
35734
35735
35737
35740
35742
35744
35747
35749
35750
35751
35752
35753
35754
35755
35756
35757
35758
35759
35760
35761
35762
35763
35766
35767
35768
35770
35772
35773
35775
35777
35778
35779
35782
35786
35788
35793
35794
35795
35798
35803
35805
35806
35809
35810
35811
35812
35813
35817
35818
35819
35821
35822
35824
35825
35826
35827
35828
35829
35830
35831
35832
35834
35836
35837
35838
35839
35841
35843
35844
35845
35846
35848
35851
35853
35854
35855
35856
35857
35858
35859
35860
35861
35862
35864
35865
35866
35867
35868
35869
35870
35871
35872
35873
35874
35875
35876
35877
35878
35879
35880
35881
35882
35883
35884
35885
35887
35888
35889
35890
35891
35892
35893
35894
35895
35896
35897
35899
35900
35901
35902
35903
35905
35906
35907
35908
35909
35911
35912
35914
35915
35916
35917
35918
35919
35920
35921
35922
35923
35924
35925
35926
35927
35928
35930
35931
35932
35933
35934
35935
35937
35938
35939
35940
35941
35942
35944
35945
35946
35947
35949
35950
35951
35952
35953
35954
35955
35956
35957
35958
35959
35960
35961
35963
35964
35966
35968
35970
35971
35974
35976
35977
35978
35979
35980
35981
35982
35984
35986
35987
35988
35989
35990
35991
35992
35993
35994
35995
35996
35997
35998
35999
36000
36001
36002
36005
36006
36007
36009
36010
36012
36014
36016
36022
36023
36027
36028
36029
36030
36032
36033
36034
36035
36036
36038
36039
36040
36041
36042
36043
36045
36047
36049
36050
36051
36055
36057
36058
36060
36064
36067
36069
36070
36071
36072
36073
36074
36075
36076
36077
36078
36080
36082
36085
36086
36087
36088
36090
36095
36097
36098
36102
36103
36114
36115
36117
36119
36121
36123
36124
36125
36128
36129
36135
36136
36137
36140
36141
36142
36145
36147
36150
36151
36152
36153
36160
36161
36162
36163
36165
36166
36169
36351
36394
36407
36408
36410
36412
36415
36416
36422
36424
36429
36430
36438
36440
36441
36449
36460
36462
36467
36474
36481
36500
36515
36517
36519
36521
36525
36531
36535
36536
36538
36541
36542
36543
36548
36550
36551
36555
36558
36561
36562
36563
36568
36569
36570
36573
36575
36576
36577
36580
36582
36583
36584
36585
36587
36588
36589
36591
36592
36593
36594
36596
36598
36599
36600
36601
36604
36605
36606
36607
36608
36609
36610
36611
36612
36613
36614
36615
36616
36617
36618
36619
36620
36621
36622
36623
36624
36625
36626
36627
36628
36629
36630
36631
36632
36634
36635
36636
36637
36638
36639
36640
36641
36643
36644
36645
36646
36647
36648
36649
36650
36651
36652
36653
36654
36655
36656
36657
36658
36659
36660
36661
36662
36663
36664
36665
36666
36667
36668
36669
36670
36672
36673
36674
36675
36676
36677
36678
36679
36680
36681
36682
36683
36684
36685
36686
36688
36689
36690
36691
36692
36693
36694
36695
36696
36697
36700
36701
36703
36704
36706
36709
36710
36713
36714
36716
36720
36725
36726
36727
36728
36729
36730
36731
36732
36733
36734
36735
36736
36737
36738
36739
36740
36741
36742
36743
36744
36745
36746
36747
36748
36749
36750
36751
36752
36753
36754
36755
36756
36757
36758
36759
36760
36761
36762
36763
36764
36765
36766
36767
36768
36769
36770
36771
36772
36773
36774
36775
36776
36777
36778
36779
36780
36781
36782
36783
36784
36785
36786
36787
36788
36789
36790
36791
36792
36793
36794
36795
36796
36797
36798
36799
36800
36801
36802
36803
36805
36806
36807
36808
36809
36810
36811
36812
36813
36814
36815
36816
36817
36818
36819
36820
36821
36822
36823
36824
36825
36826
36827
36828
36829
36830
36831
36832
36833
36834
36835
36836
36837
36838
36839
36840
36841
36842
36843
36844
36845
36846
36847
36848
36849
36850
36851
36852
36853
36854
36855
36856
36857
36858
36859
36860
36861
36862
36863
36864
36865
36866
36867
36868
36869
36870
36871
36872
36873
36874
36875
36876
36877
36878
36879
36880
36881
36882
36883
36884
36885
36886
36887
36888
36889
36890
36891
36892
36893
36894
36895
36896
36897
36898
36899
36900
36901
36902
36903
36904
36905
36906
36907
36908
36909
36910
36911
36912
36913
36914
36915
36917
36920
36921
36922
36923
36924
36925
36926
36927
36928
36929
36930
36931
36932
36933
36934
36935
36936
36937
36939
36940
36941
36942
36943
36944
36945
36946
36947
36948
36949
36950
36951
36952
36953
36954
36955
36956
36957
36958
36959
36961
36962
36963
36964
36965
36966
36967
36968
36970
36971
36972
36973
36974
36975
36976
36977
36978
36979
36980
36981
36982
36983
36984
36985
36986
36987
36988
36989
36990
36991
36992
36993
36994
36995
36996
36997
36998
36999
37000
37001
37002
37003
37004
37005
37006
37007
37008
37009
37010
37011
37012
37013
37014
37015
37016
37017
37018
37019
37020
37021
37022
37023
37024
37025
37026
37027
37028
37029
37030
37031
37032
37033
37034
37035
37036
37037
37038
37039
37040
37041
37042
37043
37044
37045
37046
37047
37048
37049
37050
37051
37052
37053
37054
37055
37056
37057
37058
37059
37060
37061
37062
37063
37064
37065
37066
37067
37068
37069
37070
37071
37072
37073
37074
37075
37076
37077
37078
37079
37080
37081
37082
37083
37084
37085
37086
37087
37088
37089
37090
37091
37092
37093
37094
37095
37096
37097
37098
37099
37100
37101
37102
37103
37104
37105
37106
37107
37108
37109
37110
37111
37112
37113
37114
37115
37116
37117
37118
37119
37120
37121
37122
37123
37124
37125
37126
37127
37128
37129
37130
37131
37132
37133
37134
37135
37136
37137
37138
37139
37140
37141
37142
37143
37144
37145
37146
37147
37148
37149
37150
37151
37152
37153
37154
37155
37156
37157
37158
37159
37160
37161
37162
37163
37164
37165
37166
37167
37168
37169
37170
37171
37172
37173
37174
37175
37176
37177
37178
37179
37180
37181
37182
37183
37184
37185
37186
37187
37188
37189
37190
37191
37192
37193
37194
37195
37196
37197
37198
37199
37200
37201
37202
37203
37204
37205
37206
37207
37208
37209
37210
37211
37212
37213
37214
37215
37216
37217
37218
37219
37220
37221
37222
37223
37224
37225
37226
37227
37228
37229
37230
37231
37232
37233
37234
37235
37236
37237
37238
37239
37240
37241
37242
37243
37244
37245
37246
37247
37248
37249
37250
37251
37252
37253
37254
37255
37256
37257
37258
37259
37260
37261
37262
37263
37264
37265
37266
37267
37268
37269
37270
37271
37272
37273
37274
37275
37276
37277
37278
37279
37280
37281
37282
37283
37284
37285
37286
37287
37288
37289
37290
37291
37292
37293
37294
37295
37296
37297
37298
37299
37300
37301
37302
37303
37304
37305
37306
37307
37308
37309
37310
37311
37312
37313
37314
37315
37316
37317
37318
37319
37320
37321
37322
37323
37324
37325
37326
37327
37328
37329
37330
37331
37332
37333
37334
37335
37336
37337
37338
37339
37340
37341
37342
37343
37344
37345
37346
37347
37348
37349
37350
37351
37352
37353
37354
37355
37356
37357
37358
37359
37360
37361
37362
37363
37364
37365
37366
37367
37368
37369
37370
37371
37372
37373
37374
37375
37376
37377
37378
37379
37380
37381
37382
37383
37384
37385
37386
37387
37388
37389
37390
37391
37392
37393
37394
37395
37396
37397
37398
37399
37400
37401
37402
37403
37404
37405
37406
37407
37408
37409
37410
37411
37412
37413
37414
37415
37416
37417
37418
37419
37420
37421
37422
37423
37424
37425
37426
37427
37428
37429
37430
37431
37432
37433
37434
37435
37436
37437
37438
37439
37440
37441
37442
37443
37444
37445
37446
37447
37448
37449
37450
37451
37452
37453
37454
37455
37456
37457
37458
37459
37460
37461
37462
37463
37464
37465
37466
37467
37468
37469
37470
37471
37472
37473
37474
37475
37476
37477
37478
37479
37480
37481
37482
37483
37484
37485
37486
37487
37488
37489
37490
37491
37492
37493
37494
37495
37496
37497
37498
37499
37500
37501
37502
37503
37504
37505
37506
37507
37508
37509
37510
37511
37512
37513
37514
37515
37516
37517
37518
37519
37520
37521
37522
37523
37524
37525
37526
37527
37528
37529
37530
37531
37532
37533
37534
37535
37536
37537
37538
37539
37540
37541
37542
37543
37544
37545
37546
37547
37548
37549
37550
37551
37552
37553
37554
37555
37556
37557
37558
37559
37560
37561
37562
37563
37564
37565
37566
37567
37568
37569
37570
37571
37572
37573
37574
37575
37576
37577
37578
37579
37580
37581
37582
37583
37584
37585
37586
37587
37588
37589
37590
37591
37592
37593
37594
37595
37596
37597
37598
37599
37600
37601
37602
37603
37604
37605
37606
37607
37608
37609
37610
37611
37612
37613
37614
37615
37616
37617
37618
37619
37620
37621
37622
37623
37624
37625
37626
37627
37628
37629
37630
37632
37633
37634
37635
37636
37637
37638
37639
37640
37641
37642
37643
37644
37645
37646
37647
37648
37649
37650
37651
37652
37653
37654
37655
37656
37657
37658
37659
37660
37661
37662
37663
37664
37665
37666
37667
37668
37669
37670
37671
37672
37673
37674
37675
37676
37677
37678
37679
37680
37681
37682
37683
37684
37685
37686
37687
37688
37689
37690
37691
37692
37693
37694
37695
37696
37697
37698
37699
37700
37701
37702
37703
37705
37706
37707
37708
37709
37710
37711
37712
37713
37714
37715
37716
37717
37718
37719
37720
37722
37723
37724
37725
37726
37727
37728
37729
37730
37731
37732
37733
37734
37735
37736
37737
37738
37739
37740
37741
37742
37743
37744
37745
37746
37747
37748
37749
37750
37751
37752
37753
37755
37756
37757
37758
37759
37760
37761
37762
37763
37764
37765
37766
37767
37768
37769
37770
37771
37772
37773
37774
37775
37776
37777
37778
37779
37780
37781
37782
37783
37784
37785
37786
37787
37788
37789
37790
37791
37792
37793
37794
37795
37796
37797
37798
37799
37800
37801
37802
37803
37804
37805
37806
37807
37808
37809
37810
37811
37812
37813
37814
37815
37816
37817
37818
37819
37820
37821
37822
37823
37824
37825
37826
37827
37828
37829
37830
37831
37832
37833
37834
37835
37836
37837
37838
37839
37840
37841
37842
37843
37844
37845
37846
37847
37848
37849
37850
37851
37852
37853
37854
37855
37856
37857
37858
37859
37860
37861
37862
37863
37864
37865
37866
37867
37868
37869
37870
37871
37872
37873
37874
37875
37876
37877
37878
37879
37880
37881
37882
37883
37884
37885
37886
37887
37888
37889
37890
37891
37892
37893
37894
37895
37896
37897
37898
37899
37900
37901
37902
37903
37904
37905
37906
37907
37908
37909
37910
37911
37912
37913
37914
37915
37916
37917
37918
37919
37920
37921
37922
37923
37924
37925
37926
37927
37928
37929
37930
37931
37932
37933
37934
37935
37936
37937
37938
37939
37940
37941
37942
37943
37944
37945
37946
37947
37948
37949
37950
37951
37952
37953
37954
37955
37956
37957
37958
37960
37961
37962
37963
37964
37965
37966
37967
37968
37969
37970
37971
37972
37973
37974
37975
37976
37977
37980
37981
37982
37983
37984
37985
37986
37987
37988
37989
37991
37992
37993
37994
37995
37996
37997
37998
37999
38000
38001
38002
38003
38004
