9925
10088
10089
10090
10091
10092
10093
10094
10095
10096
10097
10098
10099
10100
10101
10102
10103
10104
10105
10106
10107
10108
10109
10110
10111
10112
10113
10114
10115
10116
10117
10118
10119
10120
10121
10122
10123
10124
10125
10126
10127
10128
10129
10130
10131
10132
10133
10134
10135
10136
10137
10138
10139
10140
10141
10142
10143
10144
10145
10146
10147
10148
10149
10150
10151
10152
10153
10154
10155
10156
10157
10158
10159
10160
10161
10162
10163
10164
10165
10166
10167
10168
10169
10170
10171
10172
10173
10174
10175
10176
10177
10178
10179
10180
10181
10182
10183
10184
10185
10186
10187
10188
10189
10190
10191
10192
10193
10194
10195
10196
10197
10198
10199
10200
10201
10202
10203
10204
10205
10206
10207
10208
10209
10210
10211
10212
10213
10214
10215
10216
10217
10218
10219
10220
10221
10222
10223
10224
10225
10226
10227
10228
10229
10230
10231
10232
10233
10234
10235
10236
10237
10238
10239
10240
10241
10242
10243
10244
10245
10246
10247
10248
10249
10250
10251
10252
10253
10254
10255
10256
10257
10258
10259
10260
10261
10262
10263
10264
10265
10266
10267
10268
10269
10270
10271
10272
10273
10274
10275
10276
10277
10278
10279
10280
10281
10282
10283
10284
10285
10286
10287
10288
10289
10290
10291
10292
10293
10294
10295
10296
10297
10298
10299
10300
10301
10302
10303
10304
10305
10306
10307
10308
10309
10310
10311
10312
10313
10314
10315
10316
10317
10318
10319
10320
10321
10322
10323
10324
10325
10326
10327
10328
10329
10330
10331
10332
10333
10334
10335
10336
10337
10338
10339
10340
10341
10342
10343
10344
10345
10346
10347
10348
10349
10350
10351
10352
10353
10354
10355
10356
10357
10358
10359
10360
10361
10362
10363
10364
10365
10366
10367
10368
10369
10370
10371
10372
10373
10374
10375
10376
10377
10378
10379
10380
10381
10382
10383
10384
10385
10386
10387
10388
10389
10390
10391
10392
10393
10394
10395
10396
10397
10398
10399
10400
10401
10402
10403
10404
10405
10406
10407
10408
10409
10410
10411
10412
10413
10414
10415
10416
10417
10418
10419
10420
10421
10422
10423
10424
10425
10426
10427
10428
10429
10430
10431
10432
10433
10434
10435
10436
10437
10438
10439
10440
10441
10442
10443
10444
10445
10446
10447
10448
10449
10450
10451
10452
10453
10454
10455
10456
10457
10458
10459
10460
10461
10462
10463
10464
10465
10466
10467
10468
10469
10470
10471
10472
10473
10474
10475
10476
10477
10478
10479
10480
10481
10482
10483
10484
10485
10486
10487
10488
10489
10490
10491
10492
10493
10494
10495
10496
10497
10498
10499
10500
10501
10502
10503
10504
10505
10506
10507
10508
10509
10510
10511
10512
10513
10514
10515
10516
10517
10518
10520
10521
10522
10523
10525
10526
10527
10528
10529
10530
10531
10532
10533
10534
10535
10536
10537
10538
10539
10540
10541
10542
10543
10544
10545
10546
10547
10548
10549
10550
10551
10552
10553
10554
10555
10556
10557
10558
10559
10561
10562
10563
10565
10570
10577
10578
10579
10580
10582
10585
10586
10587
10588
10589
10590
10591
10592
10593
10594
10596
10597
10598
10599
10600
10601
10602
10603
10604
10605
10606
10607
10608
10609
10610
10611
10612
10613
10614
10615
10616
10617
10618
10619
10620
10621
10622
10623
10624
10625
10626
10627
10628
10629
10630
10631
10632
10633
10634
10635
10636
10637
10638
10639
10640
10642
10643
10644
10645
10647
10648
10649
10651
10652
10654
10655
10656
10657
10658
10659
10661
10662
10663
10664
10665
10666
10667
10668
10669
10670
10671
10672
10673
10674
10675
10676
10677
10678
10680
10681
10682
10683
10684
10685
10686
10687
10688
10689
10690
10692
10693
10694
10695
10696
10697
10699
10701
10703
10704
10705
10708
10709
10711
10712
10713
10714
10715
10716
10720
10721
10722
10723
10724
10725
10730
10732
10733
10734
10735
10736
10738
10740
10741
10743
10744
10748
10749
10751
10752
10753
10754
10756
10757
10758
10760
10766
10771
10773
10776
10778
10780
10781
10783
10786
10787
10791
10792
10793
10795
10799
10802
10803
10804
10805
10806
10807
10808
10809
10811
10813
10815
10818
10819
10820
10821
10822
10824
10830
10833
10835
10836
10840
10841
10851
10852
10855
10856
10861
10863
10866
10867
10869
10870
10876
10879
10880
10881
10883
10885
10886
10887
10889
10893
10894
10898
10899
10900
10901
10902
10903
10906
10907
10910
10911
10913
10917
10921
10925
10930
10931
10933
10934
10935
10939
10944
10946
10948
10950
10951
10953
10954
10956
10958
10962
10964
10968
10975
10976
10978
10979
10980
10986
10988
10990
10991
10992
10993
10995
10998
10999
11000
11001
11003
11004
11007
11008
11010
11011
11015
11017
11018
11020
11021
11024
11026
11028
11030
11032
11034
11039
11046
11048
11050
11051
11053
11056
11057
11059
11061
11063
11064
11066
11067
11068
11070
11072
11073
11075
11076
11078
11079
11082
11083
11084
11086
11087
11088
11091
11093
11094
11095
11098
11099
11100
11103
11106
11108
11109
11110
11114
11120
11122
11123
11128
11130
11131
11132
11133
11134
11135
11136
11137
11138
11140
11141
11142
11143
11148
11150
11151
11153
11155
11156
11158
11159
11164
11166
11167
11169
11171
11175
11176
11178
11180
11181
11184
11185
11187
11188
11190
11192
11194
11195
11199
11200
11201
11203
11204
11205
11206
11207
11210
11211
11215
11216
11218
11219
11220
11221
11225
11227
11228
11233
11234
11235
11236
11237
11240
11242
11244
11245
11246
11248
11249
11250
11253
11254
11257
11258
11259
11260
11264
11268
11270
11274
11276
11278
11282
11284
11286
11287
11290
11292
11293
11296
11301
11303
11304
11305
11309
11310
11313
11314
11316
11317
11322
11323
11325
11326
11327
11331
11332
11334
11336
11337
11338
11339
11340
11341
11343
11344
11345
11346
11347
11352
11357
11360
11364
11365
11372
11374
11375
11379
11382
11385
11388
11390
11397
11398
11399
11401
11403
11406
11409
11410
11417
11419
11420
11421
11422
11423
11424
11427
11429
11430
11431
11433
11441
11442
11443
11446
11447
11448
11449
11453
11456
11457
11458
11465
11468
11473
11475
11477
11479
11481
11483
11485
11488
11492
11493
11495
11504
11505
11512
11513
11515
11518
11520
11524
11525
11528
11530
11533
11537
11538
11545
11547
11548
11551
11553
11554
11558
11559
11561
11563
11564
11565
11573
11574
11577
11579
11580
11583
11588
11589
11590
11592
11596
11598
11602
11603
11604
11605
11609
11610
11613
11615
11616
11621
11622
11623
11627
11629
11631
11633
11636
11637
11639
11640
11644
11645
11649
11651
11654
11655
11656
11657
11660
11662
11663
11664
11665
11667
11669
11670
11674
11676
11679
11686
11688
11690
11692
11695
11697
11700
11701
11713
11718
11719
11721
11724
11730
11731
11734
11736
11737
11745
11748
11750
11753
11754
11764
11770
11771
11772
11778
11780
11786
11789
11790
11792
11800
11803
11806
11809
11815
11816
11818
11823
11829
11830
11831
11834
11835
11836
11838
11841
11843
11844
11851
11853
11855
11857
11858
11864
11866
11868
11873
11874
11876
11877
11881
11883
11886
11887
11888
11890
11895
11898
11902
11904
11913
11915
11918
11919
11920
11924
11925
11926
11927
11931
11938
11944
11947
11949
11951
11955
11956
11958
11961
11963
11966
11972
11973
11974
11975
11976
11984
11992
11996
12006
12007
12008
12009
12014
12016
12018
12019
12020
12024
12027
12028
12029
12034
12035
12037
12039
12043
12044
12046
12048
12052
12053
12054
12056
12060
12061
12075
12076
12078
12080
12084
12088
12089
12090
12091
12092
12094
12095
12096
12098
12099
12103
12118
12124
12128
12130
12133
12134
12135
12136
12138
12139
12145
12147
12148
12149
12150
12153
12155
12158
12160
12164
12167
12170
12172
12180
12181
12184
12191
12194
12197
12198
12199
12200
12202
12207
12217
12218
12219
12221
12223
12228
12231
12232
12233
12236
12242
12243
12246
12248
12250
12271
12273
12274
12277
12281
12286
12287
12288
12289
12293
12307
12309
12311
12313
12317
12325
12327
12332
12333
12335
12345
12346
12347
12348
12349
12357
12358
12361
12365
12366
12369
12374
12377
12379
12381
12382
12385
12388
12390
12396
12399
12408
12409
12412
12417
12419
12420
12421
12425
12426
12433
12438
12440
12441
12442
12449
12450
12455
12456
12457
12458
12462
12463
12465
12473
12478
12479
12482
12483
12485
12491
12492
12493
12495
12496
12499
12503
12504
12505
12507
12511
12513
12515
12519
12521
12528
12531
12533
12534
12535
12536
12537
12543
12551
12553
12554
12555
12557
12559
12561
12562
12565
12569
12578
12580
12581
12583
12584
12587
12589
12590
12593
12595
12599
12600
12604
12605
12607
12609
12611
12613
12617
12620
12621
12628
12636
12638
12639
12640
12645
12646
12650
12653
12657
12658
12660
12661
12665
12667
12670
12675
12676
12677
12679
12680
12689
12690
12691
12692
12696
12698
12700
12706
12707
12712
12714
12718
12720
12722
12724
12726
12730
12731
12732
12733
12734
12737
12738
12739
12740
12741
12744
12745
12746
12747
12752
12754
12755
12756
12757
12765
12767
12769
12776
12777
12779
12787
12789
12790
12796
12797
12801
12804
12805
12807
12808
12811
12820
12821
12824
12827
12829
12831
12832
12833
12836
12840
12841
12842
12845
12846
12848
12858
12865
12866
12867
12870
12873
12878
12879
12889
12890
12891
12894
12896
12897
12900
12902
12904
12905
12908
12912
12914
12915
12924
12925
12927
12934
12937
12941
12942
12943
12944
12949
12950
12951
12952
12956
12957
12958
12960
12961
12962
12963
12969
12970
12972
12974
12975
12977
12983
12984
12985
12986
12988
12991
13001
13007
13008
13009
13012
13013
13014
13017
13020
13024
13025
13026
13029
13033
13034
13035
13039
13045
13048
13057
13061
13062
13063
13066
13074
13077
13078
13081
13084
13086
13089
13093
13099
13100
13104
13109
13110
13112
13115
13119
13120
13121
13122
13128
13129
13131
13133
13134
13135
13136
13138
13142
13144
13145
13150
13151
13159
13161
13162
13164
13169
13171
13175
13178
13181
13185
13193
13194
13197
13198
13200
13201
13207
13209
13213
13219
13220
13221
13225
13227
13231
13233
13234
13235
13237
13238
13239
13240
13243
13246
13252
13253
13254
13255
13257
13261
13265
13266
13267
13269
13272
13276
13278
13280
13286
13288
13289
13291
13293
13296
13298
13299
13300
13302
13303
13304
13308
13315
13327
13328
13329
13335
13337
13341
13343
13344
13345
13347
13350
13351
13354
13363
13367
13369
13370
13379
13381
13384
13386
13387
13389
13390
13393
13400
13401
13405
13409
13410
13413
13414
13416
13418
13421
13422
13424
13428
13430
13431
13434
13437
13438
13439
13441
13443
13445
13447
13448
13449
13450
13454
13456
13460
13462
13464
13465
13467
13471
13473
13474
13475
13477
13480
13484
13485
13486
13490
13495
13498
13500
13501
13502
13505
13506
13508
13509
13513
13515
13516
13517
13521
13524
13526
13528
13529
13533
13536
13537
13542
13545
13546
13550
13552
13553
13561
13566
13567
13569
13571
13572
13574
13575
13578
13584
13585
13590
13593
13595
13601
13602
13609
13610
13611
13612
13613
13617
13618
13621
13622
13626
13632
13633
13637
13639
13642
13643
13646
13649
13650
13653
13656
13663
13666
13668
13679
13682
13685
13688
13694
13696
13697
13698
13699
13701
13702
13704
13709
13723
13724
13725
13726
13727
13729
13734
13736
13737
13740
13741
13747
13750
13754
13755
13759
13761
13766
13767
13768
13774
13775
13776
13778
13782
13785
13789
13795
13799
13801
13803
13804
13805
13812
13813
13820
13822
13824
13825
13829
13831
13835
13837
13845
13846
13852
13853
13855
13857
13858
13859
13861
13863
13872
13873
13874
13875
13876
13877
13878
13880
13884
13894
13896
13901
13904
13906
13908
13911
13919
13920
13928
13929
13930
13941
13943
13945
13946
13954
13955
13956
13960
13964
13965
13967
13968
13972
13977
13978
13979
13980
13982
13985
13995
13997
14001
14002
14004
14006
14007
14017
14018
14028
14030
14031
14036
14037
14039
14040
14041
14046
14047
14048
14049
14062
14063
14066
14067
14070
14074
14076
14077
14078
14081
14083
14084
14095
14096
14098
14107
14108
14113
14116
14118
14119
14122
14127
14131
14133
14134
14137
14139
14141
14146
14149
14150
14151
14156
14157
14158
14159
14160
14161
14162
14166
14171
14173
14177
14179
14181
14182
14186
14188
14190
14192
14202
14206
14209
14213
14214
14218
14219
14220
14223
14227
14231
14234
14238
14243
14250
14252
14256
14257
14260
14262
14265
14267
14268
14270
14271
14272
14273
14274
14276
14279
14285
14287
14290
14295
14300
14303
14304
14306
14309
14313
14316
14319
14320
14321
14323
14324
14330
14332
14335
14338
14342
14346
14359
14362
14364
14367
14368
14371
14374
14375
14376
14377
14378
14382
14383
14384
14385
14388
14390
14391
14394
14397
14404
14405
14406
14409
14415
14421
14426
14427
14429
14431
14435
14440
14443
14444
14450
14452
14453
14454
14456
14457
14458
14459
14465
14466
14474
14478
14479
14483
14488
14490
14491
14499
14500
14501
14502
14504
14508
14510
14516
14520
14521
14532
14535
14549
14557
14558
14559
14563
14567
14568
14572
14573
14588
14591
14592
14594
14596
14600
14603
14612
14614
14622
14628
14629
14640
14643
14646
14648
14650
14651
14655
14656
14659
14667
14668
14679
14681
14682
14683
14686
14689
14690
14694
14697
14701
14702
14710
14713
14716
14717
14718
14720
14721
14726
14729
14732
14741
14742
14744
14746
14748
14755
14758
14759
14761
14762
14769
14773
14776
14778
14780
14782
14783
14789
14791
14792
14794
14801
14809
14816
14818
14820
14821
14823
14826
14828
14830
14833
14841
14843
14847
14848
14851
14855
14856
14863
14864
14866
14869
14870
14872
14875
14876
14882
14883
14887
14888
14895
14896
14899
14902
14905
14910
14911
14919
14920
14921
14926
14927
14930
14932
14933
14934
14936
14939
14942
14944
14949
14950
14951
14952
14957
14959
14964
14967
14973
14976
14978
14982
14983
14990
14991
14998
15001
15002
15009
15012
15017
15020
15022
15025
15026
15028
15030
15032
15033
15034
15036
15037
15039
15041
15046
15047
15049
15052
15055
15059
15062
15063
15066
15067
15069
15071
15072
15073
15075
15076
15083
15088
15089
15091
15093
15096
15100
15101
15103
15113
15114
15119
15121
15127
15130
15133
15134
15138
15140
15141
15142
15145
15146
15153
15162
15166
15168
15169
15173
15175
15179
15184
15189
15199
15201
15202
15209
15213
15220
15227
15230
15232
15241
15244
15247
15249
15257
15258
15260
15261
15263
15265
15267
15270
15274
15275
15276
15279
15280
15282
15284
15286
15288
15291
15294
15306
15314
15319
15321
15323
15324
15326
15332
15334
15335
15341
15349
15350
15352
15358
15360
15365
15367
15368
15372
15375
15376
15377
15379
15381
15383
15388
15394
15402
15404
15406
15407
15408
15411
15418
15425
15431
15434
15442
15454
15457
15462
15472
15474
15478
15479
15480
15481
15486
15489
15490
15491
15498
15505
15506
